1.069400000000000000e+06
1.069200000000000000e+06
1.069100000000000000e+06
1.069100000000000000e+06
1.069200000000000000e+06
1.069200000000000000e+06
1.069400000000000000e+06
1.069400000000000000e+06
1.069300000000000000e+06
1.069300000000000000e+06
1.069300000000000000e+06
1.069300000000000000e+06
1.069200000000000000e+06
1.069300000000000000e+06
1.069500000000000000e+06
1.069300000000000000e+06
1.069400000000000000e+06
1.069200000000000000e+06
1.069400000000000000e+06
1.069200000000000000e+06
1.069400000000000000e+06
1.069100000000000000e+06
1.069400000000000000e+06
1.069500000000000000e+06
1.069500000000000000e+06
1.069400000000000000e+06
1.069200000000000000e+06
1.069300000000000000e+06
1.069100000000000000e+06
1.069500000000000000e+06
1.069300000000000000e+06
1.069300000000000000e+06
1.069400000000000000e+06
1.069300000000000000e+06
1.069100000000000000e+06
1.069100000000000000e+06
1.069400000000000000e+06
1.069200000000000000e+06
1.069600000000000000e+06
1.069100000000000000e+06
1.069200000000000000e+06
1.069200000000000000e+06
1.069200000000000000e+06
1.069400000000000000e+06
1.069200000000000000e+06
1.069200000000000000e+06
1.069100000000000000e+06
1.069300000000000000e+06
1.069200000000000000e+06
1.069200000000000000e+06
1.069400000000000000e+06
1.069300000000000000e+06
1.069400000000000000e+06
1.069300000000000000e+06
1.069400000000000000e+06
1.068500000000000000e+06
1.069900000000000000e+06
1.069300000000000000e+06
9.671000000000000000e+05
6.080000000000000000e+04
8.459000000000000000e+05
1.069500000000000000e+06
1.069600000000000000e+06
1.069200000000000000e+06
1.069300000000000000e+06
1.069700000000000000e+06
1.069000000000000000e+06
1.069400000000000000e+06
1.069400000000000000e+06
1.069600000000000000e+06
1.069200000000000000e+06
1.069100000000000000e+06
1.069700000000000000e+06
1.069600000000000000e+06
1.069100000000000000e+06
1.069100000000000000e+06
1.069700000000000000e+06
1.069800000000000000e+06
1.069100000000000000e+06
1.130000000000000000e+05
7.989000000000000000e+05
1.069300000000000000e+06
1.069400000000000000e+06
1.069100000000000000e+06
5.146000000000000000e+05
1.069100000000000000e+06
1.069200000000000000e+06
1.423000000000000000e+05
1.069200000000000000e+06
0.000000000000000000e+00
7.293000000000000000e+05
1.069600000000000000e+06
8.365000000000000000e+05
1.069700000000000000e+06
1.069600000000000000e+06
4.275000000000000000e+05
1.069100000000000000e+06
4.617000000000000000e+05
9.133000000000000000e+05
5.370000000000000000e+05
1.069300000000000000e+06
1.069500000000000000e+06
1.069400000000000000e+06
1.069200000000000000e+06
1.532000000000000000e+05
1.069400000000000000e+06
1.069000000000000000e+06
1.069300000000000000e+06
4.620000000000000000e+04
7.644000000000000000e+05
1.069300000000000000e+06
1.069100000000000000e+06
1.069200000000000000e+06
1.069200000000000000e+06
1.069500000000000000e+06
1.069400000000000000e+06
1.069500000000000000e+06
1.069000000000000000e+06
1.069300000000000000e+06
1.069700000000000000e+06
1.069300000000000000e+06
1.069500000000000000e+06
1.069000000000000000e+06
1.069200000000000000e+06
1.069400000000000000e+06
1.069400000000000000e+06
1.069300000000000000e+06
1.069500000000000000e+06
1.069400000000000000e+06
1.069400000000000000e+06
1.069900000000000000e+06
1.069300000000000000e+06
1.069300000000000000e+06
1.069400000000000000e+06
1.069500000000000000e+06
1.069500000000000000e+06
1.069400000000000000e+06
1.069300000000000000e+06
1.069300000000000000e+06
1.069500000000000000e+06
1.069400000000000000e+06
1.069300000000000000e+06
1.069300000000000000e+06
1.069400000000000000e+06
1.069300000000000000e+06
1.069200000000000000e+06
1.069500000000000000e+06
1.069500000000000000e+06
1.069500000000000000e+06
1.069200000000000000e+06
1.069700000000000000e+06
1.069500000000000000e+06
1.069400000000000000e+06
1.069200000000000000e+06
1.069300000000000000e+06
1.069400000000000000e+06
1.069300000000000000e+06
1.069100000000000000e+06
1.069400000000000000e+06
1.069200000000000000e+06
1.069300000000000000e+06
1.069300000000000000e+06
1.069400000000000000e+06
1.069300000000000000e+06
1.069400000000000000e+06
1.069400000000000000e+06
1.069300000000000000e+06
1.069500000000000000e+06
1.069200000000000000e+06
1.069500000000000000e+06
1.069500000000000000e+06
1.069400000000000000e+06
1.069400000000000000e+06
1.069600000000000000e+06
1.069600000000000000e+06
1.069400000000000000e+06
1.069400000000000000e+06
1.069600000000000000e+06
1.069600000000000000e+06
1.069400000000000000e+06
1.069300000000000000e+06
1.069300000000000000e+06
1.069500000000000000e+06
1.069300000000000000e+06
1.069400000000000000e+06
1.069700000000000000e+06
1.069400000000000000e+06
1.069400000000000000e+06
1.069600000000000000e+06
1.069600000000000000e+06
1.069600000000000000e+06
1.069400000000000000e+06
1.069300000000000000e+06
1.069400000000000000e+06
1.069400000000000000e+06
1.069400000000000000e+06
1.069400000000000000e+06
1.069400000000000000e+06
1.069300000000000000e+06
1.069300000000000000e+06
1.069400000000000000e+06
1.069500000000000000e+06
1.069400000000000000e+06
1.069300000000000000e+06
1.069600000000000000e+06
1.069300000000000000e+06
1.069500000000000000e+06
1.069500000000000000e+06
1.069400000000000000e+06
1.069400000000000000e+06
1.069400000000000000e+06
1.069400000000000000e+06
1.069400000000000000e+06
1.069400000000000000e+06
1.069300000000000000e+06
1.069400000000000000e+06
1.069500000000000000e+06
1.069400000000000000e+06
1.069400000000000000e+06
1.069300000000000000e+06
1.069300000000000000e+06
1.069500000000000000e+06
1.069500000000000000e+06
1.069300000000000000e+06
1.069500000000000000e+06
1.069600000000000000e+06
1.069300000000000000e+06
1.069200000000000000e+06
1.069500000000000000e+06
1.069400000000000000e+06
1.069300000000000000e+06
1.069400000000000000e+06
1.069500000000000000e+06
1.069500000000000000e+06
1.069300000000000000e+06
1.069600000000000000e+06
1.069600000000000000e+06
1.069400000000000000e+06
1.069300000000000000e+06
1.069400000000000000e+06
1.069500000000000000e+06
1.069400000000000000e+06
1.069500000000000000e+06
1.069400000000000000e+06
1.069500000000000000e+06
1.069300000000000000e+06
1.069400000000000000e+06
1.069500000000000000e+06
1.069400000000000000e+06
1.069600000000000000e+06
1.069400000000000000e+06
1.069500000000000000e+06
1.069600000000000000e+06
1.069500000000000000e+06
1.069500000000000000e+06
1.069500000000000000e+06
1.069400000000000000e+06
1.069400000000000000e+06
1.069200000000000000e+06
1.069400000000000000e+06
1.069300000000000000e+06
1.069400000000000000e+06
1.069400000000000000e+06
1.069400000000000000e+06
1.069500000000000000e+06
1.069500000000000000e+06
1.069400000000000000e+06
1.069300000000000000e+06
1.069300000000000000e+06
1.069300000000000000e+06
1.069300000000000000e+06
1.069400000000000000e+06
1.069500000000000000e+06
1.069300000000000000e+06
1.069600000000000000e+06
1.069300000000000000e+06
1.069400000000000000e+06
1.069400000000000000e+06
1.069300000000000000e+06
1.069300000000000000e+06
1.069400000000000000e+06
1.069200000000000000e+06
1.069500000000000000e+06
1.069500000000000000e+06
1.069600000000000000e+06
1.069400000000000000e+06
1.069500000000000000e+06
1.069500000000000000e+06
1.069300000000000000e+06
1.069600000000000000e+06
1.069300000000000000e+06
1.069700000000000000e+06
1.069700000000000000e+06
1.069500000000000000e+06
1.069500000000000000e+06
1.069500000000000000e+06
1.069400000000000000e+06
1.069300000000000000e+06
1.069400000000000000e+06
1.069200000000000000e+06
1.069400000000000000e+06
1.069500000000000000e+06
1.069300000000000000e+06
1.069600000000000000e+06
1.069400000000000000e+06
1.069500000000000000e+06
1.069300000000000000e+06
1.069600000000000000e+06
1.069400000000000000e+06
1.069400000000000000e+06
1.069500000000000000e+06
1.069600000000000000e+06
1.069300000000000000e+06
1.069500000000000000e+06
1.069500000000000000e+06
1.069500000000000000e+06
1.069600000000000000e+06
1.069300000000000000e+06
1.069500000000000000e+06
1.069400000000000000e+06
1.069400000000000000e+06
1.069500000000000000e+06
1.069300000000000000e+06
1.069400000000000000e+06
1.069400000000000000e+06
1.069400000000000000e+06
1.069500000000000000e+06
1.069300000000000000e+06
1.069400000000000000e+06
1.069400000000000000e+06
1.069500000000000000e+06
1.069600000000000000e+06
1.069400000000000000e+06
1.069400000000000000e+06
1.069400000000000000e+06
1.069400000000000000e+06
1.069400000000000000e+06
1.069500000000000000e+06
1.069500000000000000e+06
1.069400000000000000e+06
1.069500000000000000e+06
1.069600000000000000e+06
1.069500000000000000e+06
1.069400000000000000e+06
1.069300000000000000e+06
1.069400000000000000e+06
1.069300000000000000e+06
1.069400000000000000e+06
1.069400000000000000e+06
1.069400000000000000e+06
1.069400000000000000e+06
1.069500000000000000e+06
1.069300000000000000e+06
1.069400000000000000e+06
1.069300000000000000e+06
1.069300000000000000e+06
1.069400000000000000e+06
1.069500000000000000e+06
1.069500000000000000e+06
1.069300000000000000e+06
1.069400000000000000e+06
1.069400000000000000e+06
1.069500000000000000e+06
1.069500000000000000e+06
1.069500000000000000e+06
1.069400000000000000e+06
1.069300000000000000e+06
1.069500000000000000e+06
1.069300000000000000e+06
1.069400000000000000e+06
1.069500000000000000e+06
1.069400000000000000e+06
1.069400000000000000e+06
1.069500000000000000e+06
1.069300000000000000e+06
1.069400000000000000e+06
1.069300000000000000e+06
1.069500000000000000e+06
1.069300000000000000e+06
1.069500000000000000e+06
1.069300000000000000e+06
1.069400000000000000e+06
1.069300000000000000e+06
1.069400000000000000e+06
1.069400000000000000e+06
1.069500000000000000e+06
1.069300000000000000e+06
1.069700000000000000e+06
1.069600000000000000e+06
1.069400000000000000e+06
1.069300000000000000e+06
1.069400000000000000e+06
1.069400000000000000e+06
1.069500000000000000e+06
1.069300000000000000e+06
1.069400000000000000e+06
1.069400000000000000e+06
1.069300000000000000e+06
1.069200000000000000e+06
1.069500000000000000e+06
1.069400000000000000e+06
1.069300000000000000e+06
1.069500000000000000e+06
1.069400000000000000e+06
1.069300000000000000e+06
1.069400000000000000e+06
1.069400000000000000e+06
1.069500000000000000e+06
1.069400000000000000e+06
1.069500000000000000e+06
1.069400000000000000e+06
1.069400000000000000e+06
1.069300000000000000e+06
1.069500000000000000e+06
1.069300000000000000e+06
1.069600000000000000e+06
1.069400000000000000e+06
1.069400000000000000e+06
1.069500000000000000e+06
1.069400000000000000e+06
1.069500000000000000e+06
1.069600000000000000e+06
1.069400000000000000e+06
1.069500000000000000e+06
1.069400000000000000e+06
1.069500000000000000e+06
1.069400000000000000e+06
1.069500000000000000e+06
1.069400000000000000e+06
1.069400000000000000e+06
1.069400000000000000e+06
1.069300000000000000e+06
1.069400000000000000e+06
1.069500000000000000e+06
1.069400000000000000e+06
1.069400000000000000e+06
1.069400000000000000e+06
1.069400000000000000e+06
1.069500000000000000e+06
1.069400000000000000e+06
1.069300000000000000e+06
1.069400000000000000e+06
1.069400000000000000e+06
1.069400000000000000e+06
1.069600000000000000e+06
1.069300000000000000e+06
1.069300000000000000e+06
1.069400000000000000e+06
1.069500000000000000e+06
1.069300000000000000e+06
1.069400000000000000e+06
1.069500000000000000e+06
1.069300000000000000e+06
1.069400000000000000e+06
1.069700000000000000e+06
1.069400000000000000e+06
1.069300000000000000e+06
1.069500000000000000e+06
1.069300000000000000e+06
1.069500000000000000e+06
1.069600000000000000e+06
1.069600000000000000e+06
1.069300000000000000e+06
1.069400000000000000e+06
1.069400000000000000e+06
1.069300000000000000e+06
1.069400000000000000e+06
1.069500000000000000e+06
1.069500000000000000e+06
1.069600000000000000e+06
1.069200000000000000e+06
1.069400000000000000e+06
1.069400000000000000e+06
1.069300000000000000e+06
1.069400000000000000e+06
1.069600000000000000e+06
1.069600000000000000e+06
1.069400000000000000e+06
1.069500000000000000e+06
1.069600000000000000e+06
1.069400000000000000e+06
1.069300000000000000e+06
1.069400000000000000e+06
1.069400000000000000e+06
1.069300000000000000e+06
1.069300000000000000e+06
1.069700000000000000e+06
1.069600000000000000e+06
1.069300000000000000e+06
1.069400000000000000e+06
1.069500000000000000e+06
1.069500000000000000e+06
1.069400000000000000e+06
1.069400000000000000e+06
1.069300000000000000e+06
1.069500000000000000e+06
1.069500000000000000e+06
1.069600000000000000e+06
1.069400000000000000e+06
1.069300000000000000e+06
1.069400000000000000e+06
1.069500000000000000e+06
1.069500000000000000e+06
1.069200000000000000e+06
1.069300000000000000e+06
1.069500000000000000e+06
1.069300000000000000e+06
1.069400000000000000e+06
1.069400000000000000e+06
1.069600000000000000e+06
1.069500000000000000e+06
1.069400000000000000e+06
1.069500000000000000e+06
1.069600000000000000e+06
1.069300000000000000e+06
1.069300000000000000e+06
1.069400000000000000e+06
1.069500000000000000e+06
1.069600000000000000e+06
1.069400000000000000e+06
1.069200000000000000e+06
1.069500000000000000e+06
1.069400000000000000e+06
1.069600000000000000e+06
1.069500000000000000e+06
1.069600000000000000e+06
1.069600000000000000e+06
1.069400000000000000e+06
1.069600000000000000e+06
1.069400000000000000e+06
1.069500000000000000e+06
1.069500000000000000e+06
1.069700000000000000e+06
1.069500000000000000e+06
1.069300000000000000e+06
1.069300000000000000e+06
1.069300000000000000e+06
1.069700000000000000e+06
1.069400000000000000e+06
1.069300000000000000e+06
1.069300000000000000e+06
1.069400000000000000e+06
1.069300000000000000e+06
1.069200000000000000e+06
1.069500000000000000e+06
1.069300000000000000e+06
1.069400000000000000e+06
1.069400000000000000e+06
1.069300000000000000e+06
1.069500000000000000e+06
1.069600000000000000e+06
1.069600000000000000e+06
1.069500000000000000e+06
1.069300000000000000e+06
1.069400000000000000e+06
1.069400000000000000e+06
1.069500000000000000e+06
1.069500000000000000e+06
1.069300000000000000e+06
1.069300000000000000e+06
1.069500000000000000e+06
1.069300000000000000e+06
1.069700000000000000e+06
1.069400000000000000e+06
1.069300000000000000e+06
1.069500000000000000e+06
1.069500000000000000e+06
1.069400000000000000e+06
1.069200000000000000e+06
1.069300000000000000e+06
1.069300000000000000e+06
1.069500000000000000e+06
1.069500000000000000e+06
1.069400000000000000e+06
1.069600000000000000e+06
1.069500000000000000e+06
1.069500000000000000e+06
1.069400000000000000e+06
1.069200000000000000e+06
1.069500000000000000e+06
1.069400000000000000e+06
1.069300000000000000e+06
1.069600000000000000e+06
1.069300000000000000e+06
1.069500000000000000e+06
1.069400000000000000e+06
1.069500000000000000e+06
1.069400000000000000e+06
1.069300000000000000e+06
1.069400000000000000e+06
1.069200000000000000e+06
1.069400000000000000e+06
1.069300000000000000e+06
1.069500000000000000e+06
1.069400000000000000e+06
1.069500000000000000e+06
1.069300000000000000e+06
1.069400000000000000e+06
1.069500000000000000e+06
1.069500000000000000e+06
1.069300000000000000e+06
1.069300000000000000e+06
1.069300000000000000e+06
1.069600000000000000e+06
1.069400000000000000e+06
1.069300000000000000e+06
1.069300000000000000e+06
1.069300000000000000e+06
1.069500000000000000e+06
1.069200000000000000e+06
1.069200000000000000e+06
1.069200000000000000e+06
1.068800000000000000e+06
1.069300000000000000e+06
1.069200000000000000e+06
1.069200000000000000e+06
1.069400000000000000e+06
1.069200000000000000e+06
1.069100000000000000e+06
1.069500000000000000e+06
1.069300000000000000e+06
1.069200000000000000e+06
1.069000000000000000e+06
1.069100000000000000e+06
1.069100000000000000e+06
1.069100000000000000e+06
1.069100000000000000e+06
1.069100000000000000e+06
1.069100000000000000e+06
1.069000000000000000e+06
1.069500000000000000e+06
1.069100000000000000e+06
1.069300000000000000e+06
1.069200000000000000e+06
1.069100000000000000e+06
1.069000000000000000e+06
1.069300000000000000e+06
1.069100000000000000e+06
1.068900000000000000e+06
1.069100000000000000e+06
1.069300000000000000e+06
1.069200000000000000e+06
1.069000000000000000e+06
1.068900000000000000e+06
1.068800000000000000e+06
1.069100000000000000e+06
1.069000000000000000e+06
1.068900000000000000e+06
1.069200000000000000e+06
1.069200000000000000e+06
1.069100000000000000e+06
1.069200000000000000e+06
1.069200000000000000e+06
1.069100000000000000e+06
1.069000000000000000e+06
1.069000000000000000e+06
1.069100000000000000e+06
1.069100000000000000e+06
1.068800000000000000e+06
1.068800000000000000e+06
1.069100000000000000e+06
1.069200000000000000e+06
1.069100000000000000e+06
1.068800000000000000e+06
1.069000000000000000e+06
1.069000000000000000e+06
1.069300000000000000e+06
1.069000000000000000e+06
1.069000000000000000e+06
1.069000000000000000e+06
1.069100000000000000e+06
1.069000000000000000e+06
1.068800000000000000e+06
1.069200000000000000e+06
1.069200000000000000e+06
1.069000000000000000e+06
1.069300000000000000e+06
1.069200000000000000e+06
1.069200000000000000e+06
1.069200000000000000e+06
1.068800000000000000e+06
1.069000000000000000e+06
1.069000000000000000e+06
1.069200000000000000e+06
1.069100000000000000e+06
1.069200000000000000e+06
1.069200000000000000e+06
1.069000000000000000e+06
1.069200000000000000e+06
1.069000000000000000e+06
1.069100000000000000e+06
1.069300000000000000e+06
1.069000000000000000e+06
1.069100000000000000e+06
1.069300000000000000e+06
1.069200000000000000e+06
1.069000000000000000e+06
1.069100000000000000e+06
1.069200000000000000e+06
1.069200000000000000e+06
1.069000000000000000e+06
1.068900000000000000e+06
1.069000000000000000e+06
1.069400000000000000e+06
1.069200000000000000e+06
1.069100000000000000e+06
1.069000000000000000e+06
1.069200000000000000e+06
1.069100000000000000e+06
1.069100000000000000e+06
1.069300000000000000e+06
1.069300000000000000e+06
1.069100000000000000e+06
1.068900000000000000e+06
1.069200000000000000e+06
1.069100000000000000e+06
1.068900000000000000e+06
1.069200000000000000e+06
1.069100000000000000e+06
1.069000000000000000e+06
1.069200000000000000e+06
1.069000000000000000e+06
1.069100000000000000e+06
1.069300000000000000e+06
1.069100000000000000e+06
1.069300000000000000e+06
1.069200000000000000e+06
1.069000000000000000e+06
1.069300000000000000e+06
1.069300000000000000e+06
1.069200000000000000e+06
1.068900000000000000e+06
1.068900000000000000e+06
1.069200000000000000e+06
1.069100000000000000e+06
1.069000000000000000e+06
1.068900000000000000e+06
1.069300000000000000e+06
1.069300000000000000e+06
1.069000000000000000e+06
1.069100000000000000e+06
1.069100000000000000e+06
1.069000000000000000e+06
1.069100000000000000e+06
1.069200000000000000e+06
1.068800000000000000e+06
1.069300000000000000e+06
1.069000000000000000e+06
1.069300000000000000e+06
1.068900000000000000e+06
1.069200000000000000e+06
1.069300000000000000e+06
1.069100000000000000e+06
1.069000000000000000e+06
1.068800000000000000e+06
1.069200000000000000e+06
1.068900000000000000e+06
1.069300000000000000e+06
1.069000000000000000e+06
1.069200000000000000e+06
1.069100000000000000e+06
1.069400000000000000e+06
1.069200000000000000e+06
1.068700000000000000e+06
1.069200000000000000e+06
1.069100000000000000e+06
1.069000000000000000e+06
1.069200000000000000e+06
1.068800000000000000e+06
1.069000000000000000e+06
1.069000000000000000e+06
1.069000000000000000e+06
1.068900000000000000e+06
1.069400000000000000e+06
1.069200000000000000e+06
1.069200000000000000e+06
1.069300000000000000e+06
1.069200000000000000e+06
1.069300000000000000e+06
1.069100000000000000e+06
1.069000000000000000e+06
1.069200000000000000e+06
1.069100000000000000e+06
1.068900000000000000e+06
1.068900000000000000e+06
1.069200000000000000e+06
1.069100000000000000e+06
1.069000000000000000e+06
1.069000000000000000e+06
1.069000000000000000e+06
1.069000000000000000e+06
1.069000000000000000e+06
1.069200000000000000e+06
1.069000000000000000e+06
1.069100000000000000e+06
1.069000000000000000e+06
1.069200000000000000e+06
1.069100000000000000e+06
1.069000000000000000e+06
1.068800000000000000e+06
1.069300000000000000e+06
1.069300000000000000e+06
1.069100000000000000e+06
1.069100000000000000e+06
1.069100000000000000e+06
1.069000000000000000e+06
1.069100000000000000e+06
1.069200000000000000e+06
1.069300000000000000e+06
1.069100000000000000e+06
1.069200000000000000e+06
1.069400000000000000e+06
1.069200000000000000e+06
1.069100000000000000e+06
1.069000000000000000e+06
1.069000000000000000e+06
1.069400000000000000e+06
1.069200000000000000e+06
1.069100000000000000e+06
1.069000000000000000e+06
1.069100000000000000e+06
1.069000000000000000e+06
1.069200000000000000e+06
1.069100000000000000e+06
1.069200000000000000e+06
1.069300000000000000e+06
1.069300000000000000e+06
1.068900000000000000e+06
1.069100000000000000e+06
1.069200000000000000e+06
1.069300000000000000e+06
1.069000000000000000e+06
1.069200000000000000e+06
1.069000000000000000e+06
1.069400000000000000e+06
1.069400000000000000e+06
1.069100000000000000e+06
1.069100000000000000e+06
1.068900000000000000e+06
1.069000000000000000e+06
1.069200000000000000e+06
1.069100000000000000e+06
1.069200000000000000e+06
1.068900000000000000e+06
1.069200000000000000e+06
1.069000000000000000e+06
1.069000000000000000e+06
1.069100000000000000e+06
1.068800000000000000e+06
1.069200000000000000e+06
1.069200000000000000e+06
1.069100000000000000e+06
1.069000000000000000e+06
1.069200000000000000e+06
1.069100000000000000e+06
1.069300000000000000e+06
1.069000000000000000e+06
1.069000000000000000e+06
1.069000000000000000e+06
1.069000000000000000e+06
1.069100000000000000e+06
1.069000000000000000e+06
1.069100000000000000e+06
1.069000000000000000e+06
1.069300000000000000e+06
1.069500000000000000e+06
1.069200000000000000e+06
1.069100000000000000e+06
1.069100000000000000e+06
1.069100000000000000e+06
1.069300000000000000e+06
1.069200000000000000e+06
1.069000000000000000e+06
1.069200000000000000e+06
1.069100000000000000e+06
1.069300000000000000e+06
1.069300000000000000e+06
1.069600000000000000e+06
1.069600000000000000e+06
1.069200000000000000e+06
1.069100000000000000e+06
1.069400000000000000e+06
1.069200000000000000e+06
1.069200000000000000e+06
1.069100000000000000e+06
1.069200000000000000e+06
1.068900000000000000e+06
1.069000000000000000e+06
1.069200000000000000e+06
1.069200000000000000e+06
1.068900000000000000e+06
1.069100000000000000e+06
1.069100000000000000e+06
1.069600000000000000e+06
1.069100000000000000e+06
1.069200000000000000e+06
1.069200000000000000e+06
1.069100000000000000e+06
1.069200000000000000e+06
1.068900000000000000e+06
