1.069300000000000000e+06
1.069400000000000000e+06
1.069300000000000000e+06
1.069200000000000000e+06
1.069300000000000000e+06
1.069600000000000000e+06
1.069300000000000000e+06
1.069300000000000000e+06
1.069200000000000000e+06
1.069400000000000000e+06
1.069300000000000000e+06
1.069300000000000000e+06
1.069600000000000000e+06
1.069400000000000000e+06
1.069400000000000000e+06
1.069700000000000000e+06
1.069300000000000000e+06
1.069500000000000000e+06
1.069400000000000000e+06
1.069400000000000000e+06
1.069700000000000000e+06
1.069300000000000000e+06
1.069300000000000000e+06
1.069200000000000000e+06
1.069500000000000000e+06
1.069400000000000000e+06
1.069400000000000000e+06
1.069200000000000000e+06
1.069500000000000000e+06
1.069200000000000000e+06
1.069300000000000000e+06
1.069300000000000000e+06
1.069200000000000000e+06
1.069400000000000000e+06
1.069200000000000000e+06
1.069400000000000000e+06
1.069200000000000000e+06
1.069400000000000000e+06
1.069400000000000000e+06
1.069300000000000000e+06
1.069100000000000000e+06
1.069500000000000000e+06
1.069300000000000000e+06
1.069300000000000000e+06
1.069200000000000000e+06
1.069400000000000000e+06
1.069100000000000000e+06
1.069100000000000000e+06
1.069200000000000000e+06
1.069400000000000000e+06
1.069300000000000000e+06
1.069500000000000000e+06
1.069500000000000000e+06
1.069200000000000000e+06
1.069300000000000000e+06
1.069400000000000000e+06
1.069400000000000000e+06
1.069400000000000000e+06
1.069400000000000000e+06
1.069100000000000000e+06
1.069200000000000000e+06
1.069400000000000000e+06
1.069600000000000000e+06
1.069200000000000000e+06
1.069600000000000000e+06
1.069500000000000000e+06
1.069300000000000000e+06
1.069300000000000000e+06
1.069200000000000000e+06
1.069300000000000000e+06
1.069400000000000000e+06
1.069400000000000000e+06
1.069400000000000000e+06
1.069400000000000000e+06
1.069500000000000000e+06
1.069600000000000000e+06
1.069400000000000000e+06
1.069300000000000000e+06
1.069400000000000000e+06
1.069300000000000000e+06
1.069300000000000000e+06
1.069500000000000000e+06
1.069400000000000000e+06
1.069200000000000000e+06
1.069400000000000000e+06
1.069200000000000000e+06
1.069300000000000000e+06
1.069500000000000000e+06
1.069200000000000000e+06
1.069200000000000000e+06
1.069500000000000000e+06
1.069400000000000000e+06
1.069200000000000000e+06
1.069500000000000000e+06
1.069400000000000000e+06
1.069400000000000000e+06
1.069400000000000000e+06
1.069600000000000000e+06
1.069400000000000000e+06
1.069400000000000000e+06
1.069300000000000000e+06
1.069100000000000000e+06
1.069500000000000000e+06
1.069300000000000000e+06
1.069300000000000000e+06
1.069500000000000000e+06
1.069300000000000000e+06
1.069400000000000000e+06
1.069300000000000000e+06
1.069400000000000000e+06
1.069200000000000000e+06
1.069300000000000000e+06
1.069300000000000000e+06
1.069300000000000000e+06
1.069400000000000000e+06
1.069200000000000000e+06
1.069200000000000000e+06
1.069300000000000000e+06
1.069100000000000000e+06
1.069300000000000000e+06
1.069500000000000000e+06
1.069200000000000000e+06
1.069100000000000000e+06
1.069200000000000000e+06
1.069300000000000000e+06
1.069200000000000000e+06
1.069500000000000000e+06
1.069300000000000000e+06
1.069300000000000000e+06
1.069200000000000000e+06
1.069100000000000000e+06
1.069100000000000000e+06
1.068900000000000000e+06
1.069200000000000000e+06
1.069000000000000000e+06
1.069300000000000000e+06
1.069100000000000000e+06
1.068900000000000000e+06
1.069000000000000000e+06
1.069200000000000000e+06
1.069000000000000000e+06
1.069100000000000000e+06
1.069200000000000000e+06
1.069000000000000000e+06
1.068900000000000000e+06
1.069000000000000000e+06
1.068800000000000000e+06
1.068900000000000000e+06
1.069300000000000000e+06
1.068800000000000000e+06
1.069100000000000000e+06
1.069100000000000000e+06
1.068900000000000000e+06
1.069300000000000000e+06
1.069000000000000000e+06
1.069300000000000000e+06
1.068900000000000000e+06
1.069000000000000000e+06
1.069000000000000000e+06
1.068900000000000000e+06
1.069200000000000000e+06
1.069400000000000000e+06
1.069000000000000000e+06
1.069100000000000000e+06
1.069000000000000000e+06
1.068800000000000000e+06
1.069100000000000000e+06
1.069100000000000000e+06
1.069200000000000000e+06
1.069200000000000000e+06
1.069300000000000000e+06
1.069100000000000000e+06
1.068900000000000000e+06
1.068900000000000000e+06
1.069200000000000000e+06
1.069100000000000000e+06
1.068900000000000000e+06
1.069100000000000000e+06
1.068900000000000000e+06
1.069000000000000000e+06
1.069000000000000000e+06
1.069000000000000000e+06
1.069100000000000000e+06
1.068600000000000000e+06
1.068900000000000000e+06
1.068900000000000000e+06
1.069400000000000000e+06
1.069200000000000000e+06
1.068900000000000000e+06
1.069000000000000000e+06
1.069000000000000000e+06
1.069000000000000000e+06
1.069000000000000000e+06
1.069000000000000000e+06
1.069100000000000000e+06
1.069100000000000000e+06
1.069100000000000000e+06
1.068900000000000000e+06
1.069000000000000000e+06
1.069100000000000000e+06
1.069000000000000000e+06
1.069300000000000000e+06
1.068900000000000000e+06
1.068900000000000000e+06
1.069100000000000000e+06
1.069100000000000000e+06
1.068900000000000000e+06
1.069000000000000000e+06
1.069000000000000000e+06
1.069000000000000000e+06
1.068800000000000000e+06
1.069000000000000000e+06
1.069200000000000000e+06
1.069100000000000000e+06
1.069000000000000000e+06
1.068900000000000000e+06
1.069000000000000000e+06
1.069000000000000000e+06
1.069200000000000000e+06
1.069000000000000000e+06
1.069100000000000000e+06
1.069100000000000000e+06
1.069100000000000000e+06
1.069100000000000000e+06
1.069100000000000000e+06
1.069000000000000000e+06
1.069200000000000000e+06
1.069000000000000000e+06
1.069000000000000000e+06
1.069000000000000000e+06
1.069200000000000000e+06
1.068900000000000000e+06
1.069200000000000000e+06
1.069100000000000000e+06
1.069100000000000000e+06
1.069300000000000000e+06
1.069000000000000000e+06
1.068800000000000000e+06
1.068900000000000000e+06
1.069100000000000000e+06
1.069000000000000000e+06
1.069300000000000000e+06
1.068900000000000000e+06
1.069100000000000000e+06
1.069000000000000000e+06
1.069000000000000000e+06
1.069000000000000000e+06
1.069000000000000000e+06
1.069000000000000000e+06
1.068900000000000000e+06
1.069000000000000000e+06
1.069000000000000000e+06
1.069200000000000000e+06
1.069000000000000000e+06
1.068900000000000000e+06
1.069000000000000000e+06
1.069200000000000000e+06
1.069200000000000000e+06
1.068600000000000000e+06
1.068900000000000000e+06
1.069000000000000000e+06
1.069100000000000000e+06
1.068800000000000000e+06
1.068800000000000000e+06
1.069100000000000000e+06
1.068900000000000000e+06
1.069000000000000000e+06
1.068900000000000000e+06
1.069100000000000000e+06
1.068600000000000000e+06
1.068700000000000000e+06
1.068900000000000000e+06
1.068900000000000000e+06
1.069100000000000000e+06
1.069300000000000000e+06
1.068900000000000000e+06
1.069200000000000000e+06
1.069300000000000000e+06
1.069000000000000000e+06
1.069000000000000000e+06
1.069100000000000000e+06
1.069100000000000000e+06
1.068900000000000000e+06
1.069100000000000000e+06
1.069100000000000000e+06
1.068900000000000000e+06
1.069100000000000000e+06
1.069200000000000000e+06
1.069200000000000000e+06
1.069000000000000000e+06
1.069000000000000000e+06
1.069400000000000000e+06
1.069000000000000000e+06
1.068900000000000000e+06
1.069100000000000000e+06
1.068700000000000000e+06
1.068900000000000000e+06
1.068900000000000000e+06
1.069300000000000000e+06
1.068900000000000000e+06
