1.069572000000000000e+06
1.069538000000000000e+06
1.069674000000000000e+06
1.069334000000000000e+06
1.069402000000000000e+06
1.069572000000000000e+06
1.069402000000000000e+06
1.069300000000000000e+06
1.069538000000000000e+06
1.069776000000000000e+06
1.069470000000000000e+06
1.069334000000000000e+06
1.069266000000000000e+06
1.069640000000000000e+06
1.069640000000000000e+06
1.069402000000000000e+06
1.069606000000000000e+06
1.069504000000000000e+06
1.069504000000000000e+06
1.069232000000000000e+06
1.069742000000000000e+06
1.069402000000000000e+06
1.069572000000000000e+06
1.069266000000000000e+06
1.069470000000000000e+06
1.069504000000000000e+06
1.069368000000000000e+06
1.069470000000000000e+06
1.069606000000000000e+06
1.069402000000000000e+06
1.069606000000000000e+06
1.069538000000000000e+06
1.069334000000000000e+06
1.069368000000000000e+06
1.069470000000000000e+06
1.069470000000000000e+06
1.069368000000000000e+06
1.069402000000000000e+06
1.069572000000000000e+06
1.069470000000000000e+06
1.069334000000000000e+06
1.069436000000000000e+06
1.069538000000000000e+06
1.069504000000000000e+06
1.069504000000000000e+06
1.069334000000000000e+06
1.069266000000000000e+06
1.069300000000000000e+06
1.069368000000000000e+06
1.069640000000000000e+06
1.069572000000000000e+06
1.069470000000000000e+06
1.069232000000000000e+06
1.069640000000000000e+06
1.069266000000000000e+06
1.069402000000000000e+06
1.069368000000000000e+06
1.069198000000000000e+06
1.069232000000000000e+06
1.069062000000000000e+06
1.069334000000000000e+06
1.069096000000000000e+06
1.069164000000000000e+06
1.069096000000000000e+06
1.069062000000000000e+06
1.069164000000000000e+06
1.069402000000000000e+06
1.069062000000000000e+06
1.069130000000000000e+06
1.069062000000000000e+06
1.069470000000000000e+06
1.069334000000000000e+06
1.069062000000000000e+06
1.069334000000000000e+06
1.069402000000000000e+06
1.069436000000000000e+06
1.069300000000000000e+06
1.069198000000000000e+06
1.069334000000000000e+06
1.069368000000000000e+06
1.069164000000000000e+06
1.069096000000000000e+06
1.069402000000000000e+06
1.069232000000000000e+06
1.069198000000000000e+06
1.069198000000000000e+06
1.069232000000000000e+06
1.069198000000000000e+06
1.069198000000000000e+06
1.069028000000000000e+06
1.069130000000000000e+06
1.069096000000000000e+06
1.069198000000000000e+06
1.069232000000000000e+06
1.069266000000000000e+06
1.069470000000000000e+06
1.069266000000000000e+06
1.069028000000000000e+06
1.069300000000000000e+06
1.069130000000000000e+06
1.069028000000000000e+06
1.069062000000000000e+06
1.068892000000000000e+06
1.069334000000000000e+06
1.069232000000000000e+06
1.069198000000000000e+06
1.069334000000000000e+06
1.069266000000000000e+06
1.068892000000000000e+06
1.068994000000000000e+06
1.069164000000000000e+06
1.068926000000000000e+06
1.068790000000000000e+06
1.069028000000000000e+06
1.069368000000000000e+06
1.069198000000000000e+06
1.069266000000000000e+06
1.069096000000000000e+06
1.069368000000000000e+06
1.068994000000000000e+06
1.069096000000000000e+06
1.068960000000000000e+06
1.068994000000000000e+06
1.069198000000000000e+06
1.069062000000000000e+06
1.069164000000000000e+06
1.069028000000000000e+06
1.069096000000000000e+06
1.068926000000000000e+06
1.069198000000000000e+06
1.068892000000000000e+06
1.069096000000000000e+06
1.069164000000000000e+06
1.069198000000000000e+06
1.069130000000000000e+06
1.068926000000000000e+06
1.068994000000000000e+06
1.069062000000000000e+06
1.069232000000000000e+06
1.069300000000000000e+06
1.069232000000000000e+06
1.069198000000000000e+06
1.069096000000000000e+06
1.068960000000000000e+06
1.069096000000000000e+06
1.068892000000000000e+06
1.069130000000000000e+06
1.069028000000000000e+06
1.069266000000000000e+06
1.069062000000000000e+06
1.069164000000000000e+06
1.069368000000000000e+06
1.069130000000000000e+06
1.069062000000000000e+06
1.069232000000000000e+06
1.068994000000000000e+06
1.069130000000000000e+06
1.069198000000000000e+06
1.069096000000000000e+06
1.069402000000000000e+06
1.068994000000000000e+06
1.069266000000000000e+06
1.069130000000000000e+06
1.069062000000000000e+06
1.069266000000000000e+06
1.068926000000000000e+06
1.069130000000000000e+06
1.069266000000000000e+06
1.069096000000000000e+06
1.069062000000000000e+06
1.069164000000000000e+06
1.069266000000000000e+06
1.068858000000000000e+06
1.069062000000000000e+06
1.069028000000000000e+06
1.069028000000000000e+06
1.069130000000000000e+06
1.069062000000000000e+06
1.069028000000000000e+06
1.068994000000000000e+06
1.069266000000000000e+06
1.068926000000000000e+06
1.069028000000000000e+06
1.069096000000000000e+06
1.068892000000000000e+06
1.069368000000000000e+06
1.069028000000000000e+06
1.069062000000000000e+06
1.069198000000000000e+06
1.069402000000000000e+06
1.069028000000000000e+06
1.068994000000000000e+06
1.069096000000000000e+06
1.069130000000000000e+06
1.069232000000000000e+06
1.068926000000000000e+06
1.069300000000000000e+06
