1.068620000000000000e+06
1.068552000000000000e+06
1.068586000000000000e+06
1.068620000000000000e+06
1.068620000000000000e+06
1.068688000000000000e+06
1.068688000000000000e+06
1.068722000000000000e+06
1.068484000000000000e+06
1.068620000000000000e+06
1.068688000000000000e+06
1.068416000000000000e+06
1.068552000000000000e+06
1.068552000000000000e+06
1.068688000000000000e+06
1.068722000000000000e+06
1.068620000000000000e+06
1.068586000000000000e+06
1.068722000000000000e+06
1.068518000000000000e+06
1.068586000000000000e+06
1.068722000000000000e+06
1.068688000000000000e+06
1.068654000000000000e+06
1.068620000000000000e+06
1.068586000000000000e+06
1.068688000000000000e+06
1.068688000000000000e+06
1.068484000000000000e+06
1.068654000000000000e+06
1.068654000000000000e+06
1.068756000000000000e+06
1.068654000000000000e+06
1.068586000000000000e+06
1.068518000000000000e+06
1.068620000000000000e+06
1.068586000000000000e+06
1.068586000000000000e+06
1.068484000000000000e+06
1.068518000000000000e+06
