1.068790000000000000e+06
1.068552000000000000e+06
1.068314000000000000e+06
1.068416000000000000e+06
1.068484000000000000e+06
1.068416000000000000e+06
1.068824000000000000e+06
1.068552000000000000e+06
1.068416000000000000e+06
1.068790000000000000e+06
1.068654000000000000e+06
1.068450000000000000e+06
1.068552000000000000e+06
1.068450000000000000e+06
1.068620000000000000e+06
1.068484000000000000e+06
1.068552000000000000e+06
1.068382000000000000e+06
1.068620000000000000e+06
1.068552000000000000e+06
1.068552000000000000e+06
1.068552000000000000e+06
1.068552000000000000e+06
1.068518000000000000e+06
1.068518000000000000e+06
1.068722000000000000e+06
1.068688000000000000e+06
1.068518000000000000e+06
1.068620000000000000e+06
1.068722000000000000e+06
1.068654000000000000e+06
1.068620000000000000e+06
1.068620000000000000e+06
1.068484000000000000e+06
1.068722000000000000e+06
1.068518000000000000e+06
1.068416000000000000e+06
1.068688000000000000e+06
1.068416000000000000e+06
1.068620000000000000e+06
