1.068756000000000000e+06
1.068722000000000000e+06
1.068824000000000000e+06
1.068756000000000000e+06
1.068858000000000000e+06
1.068790000000000000e+06
1.068892000000000000e+06
1.068756000000000000e+06
1.068926000000000000e+06
1.068688000000000000e+06
1.068688000000000000e+06
1.068824000000000000e+06
1.068892000000000000e+06
1.068858000000000000e+06
1.068790000000000000e+06
1.068824000000000000e+06
1.068790000000000000e+06
1.068994000000000000e+06
1.068960000000000000e+06
1.068960000000000000e+06
1.068858000000000000e+06
1.068858000000000000e+06
1.068824000000000000e+06
1.068824000000000000e+06
1.068858000000000000e+06
1.068756000000000000e+06
1.068756000000000000e+06
1.068790000000000000e+06
1.068790000000000000e+06
1.068858000000000000e+06
1.068790000000000000e+06
1.068824000000000000e+06
1.068790000000000000e+06
1.068892000000000000e+06
1.068756000000000000e+06
1.068824000000000000e+06
1.068688000000000000e+06
1.068756000000000000e+06
1.068858000000000000e+06
1.068790000000000000e+06
1.068654000000000000e+06
1.068858000000000000e+06
1.068858000000000000e+06
1.068858000000000000e+06
1.068756000000000000e+06
1.068756000000000000e+06
1.068756000000000000e+06
1.068756000000000000e+06
1.068790000000000000e+06
1.068824000000000000e+06
1.068824000000000000e+06
1.068824000000000000e+06
1.068790000000000000e+06
1.068790000000000000e+06
1.068892000000000000e+06
1.068790000000000000e+06
1.068790000000000000e+06
1.068994000000000000e+06
1.068892000000000000e+06
1.068790000000000000e+06
1.068892000000000000e+06
1.068824000000000000e+06
1.068858000000000000e+06
1.068824000000000000e+06
1.068858000000000000e+06
1.068858000000000000e+06
1.068790000000000000e+06
1.068790000000000000e+06
1.068824000000000000e+06
1.068960000000000000e+06
1.068960000000000000e+06
1.068858000000000000e+06
1.068790000000000000e+06
1.068858000000000000e+06
1.068960000000000000e+06
1.068790000000000000e+06
1.068722000000000000e+06
1.068790000000000000e+06
1.068892000000000000e+06
1.068926000000000000e+06
1.068824000000000000e+06
1.068756000000000000e+06
1.068790000000000000e+06
1.068790000000000000e+06
1.068994000000000000e+06
1.068892000000000000e+06
1.068858000000000000e+06
1.068926000000000000e+06
1.068892000000000000e+06
1.068756000000000000e+06
1.068892000000000000e+06
1.068824000000000000e+06
1.068892000000000000e+06
1.068790000000000000e+06
1.068790000000000000e+06
1.068756000000000000e+06
1.068824000000000000e+06
1.068824000000000000e+06
1.068926000000000000e+06
1.068858000000000000e+06
1.068824000000000000e+06
1.068756000000000000e+06
1.068858000000000000e+06
1.068790000000000000e+06
1.068824000000000000e+06
1.068858000000000000e+06
1.069028000000000000e+06
1.068892000000000000e+06
1.068858000000000000e+06
1.068790000000000000e+06
1.068722000000000000e+06
1.068926000000000000e+06
1.068722000000000000e+06
1.068960000000000000e+06
1.068858000000000000e+06
1.068892000000000000e+06
1.068858000000000000e+06
1.068824000000000000e+06
1.068926000000000000e+06
1.068756000000000000e+06
1.068926000000000000e+06
1.068858000000000000e+06
1.068756000000000000e+06
1.068926000000000000e+06
1.068620000000000000e+06
1.068824000000000000e+06
1.068790000000000000e+06
1.068858000000000000e+06
1.068926000000000000e+06
1.068824000000000000e+06
1.068790000000000000e+06
1.068858000000000000e+06
1.068858000000000000e+06
1.068722000000000000e+06
1.068756000000000000e+06
1.068858000000000000e+06
1.068892000000000000e+06
1.068824000000000000e+06
1.068858000000000000e+06
1.068756000000000000e+06
1.068824000000000000e+06
1.068824000000000000e+06
1.068824000000000000e+06
1.068858000000000000e+06
1.068858000000000000e+06
1.068858000000000000e+06
1.068722000000000000e+06
1.068926000000000000e+06
1.068790000000000000e+06
1.068688000000000000e+06
1.068790000000000000e+06
1.068926000000000000e+06
1.068790000000000000e+06
1.068824000000000000e+06
1.068790000000000000e+06
1.068994000000000000e+06
1.068790000000000000e+06
1.068756000000000000e+06
1.068790000000000000e+06
1.068858000000000000e+06
1.068756000000000000e+06
1.068790000000000000e+06
1.068994000000000000e+06
1.068824000000000000e+06
1.068926000000000000e+06
1.068824000000000000e+06
1.068824000000000000e+06
1.068790000000000000e+06
1.068756000000000000e+06
1.068926000000000000e+06
1.068688000000000000e+06
1.068756000000000000e+06
1.068756000000000000e+06
1.068892000000000000e+06
1.068824000000000000e+06
1.068824000000000000e+06
1.068756000000000000e+06
1.068824000000000000e+06
1.068892000000000000e+06
1.068824000000000000e+06
1.068824000000000000e+06
1.068790000000000000e+06
1.068892000000000000e+06
1.068892000000000000e+06
1.068790000000000000e+06
1.068722000000000000e+06
1.068722000000000000e+06
1.068790000000000000e+06
1.068824000000000000e+06
1.068926000000000000e+06
1.068892000000000000e+06
1.068926000000000000e+06
1.068926000000000000e+06
1.068824000000000000e+06
1.068926000000000000e+06
1.068926000000000000e+06
1.068892000000000000e+06
1.068960000000000000e+06
1.068722000000000000e+06
1.068892000000000000e+06
1.068926000000000000e+06
1.068790000000000000e+06
1.068926000000000000e+06
1.068892000000000000e+06
1.068892000000000000e+06
1.068960000000000000e+06
1.069028000000000000e+06
1.068926000000000000e+06
1.068892000000000000e+06
1.068994000000000000e+06
1.069028000000000000e+06
1.068926000000000000e+06
1.068994000000000000e+06
1.068926000000000000e+06
1.068892000000000000e+06
1.068892000000000000e+06
1.068960000000000000e+06
1.068926000000000000e+06
1.068960000000000000e+06
1.068960000000000000e+06
1.068926000000000000e+06
1.068994000000000000e+06
1.068926000000000000e+06
1.068858000000000000e+06
1.068960000000000000e+06
1.068824000000000000e+06
1.068960000000000000e+06
1.068926000000000000e+06
1.068960000000000000e+06
1.069028000000000000e+06
1.069062000000000000e+06
1.068926000000000000e+06
1.068960000000000000e+06
1.068960000000000000e+06
1.068858000000000000e+06
1.069062000000000000e+06
1.068892000000000000e+06
1.069062000000000000e+06
1.068960000000000000e+06
1.068994000000000000e+06
1.068960000000000000e+06
1.068960000000000000e+06
1.068858000000000000e+06
1.069028000000000000e+06
1.068994000000000000e+06
1.069062000000000000e+06
1.068960000000000000e+06
1.068994000000000000e+06
1.068892000000000000e+06
1.069062000000000000e+06
1.069028000000000000e+06
1.068926000000000000e+06
1.068858000000000000e+06
1.068960000000000000e+06
1.068926000000000000e+06
1.068892000000000000e+06
1.068892000000000000e+06
1.068994000000000000e+06
1.069028000000000000e+06
1.068994000000000000e+06
1.068960000000000000e+06
1.068892000000000000e+06
1.069062000000000000e+06
1.069028000000000000e+06
1.068994000000000000e+06
1.068892000000000000e+06
1.068892000000000000e+06
1.068994000000000000e+06
1.069130000000000000e+06
1.068892000000000000e+06
1.068994000000000000e+06
1.068960000000000000e+06
1.068994000000000000e+06
1.068994000000000000e+06
1.068994000000000000e+06
1.069130000000000000e+06
1.068926000000000000e+06
1.069028000000000000e+06
1.069062000000000000e+06
1.068960000000000000e+06
1.068994000000000000e+06
1.069028000000000000e+06
1.068858000000000000e+06
1.068994000000000000e+06
1.068858000000000000e+06
1.068960000000000000e+06
1.069096000000000000e+06
1.068994000000000000e+06
1.068960000000000000e+06
1.068960000000000000e+06
1.069028000000000000e+06
1.068994000000000000e+06
1.069028000000000000e+06
1.068994000000000000e+06
1.068926000000000000e+06
1.068960000000000000e+06
1.068994000000000000e+06
1.068926000000000000e+06
1.068926000000000000e+06
1.069028000000000000e+06
1.068994000000000000e+06
1.068994000000000000e+06
1.068960000000000000e+06
1.068994000000000000e+06
1.069028000000000000e+06
1.068994000000000000e+06
1.069028000000000000e+06
1.069028000000000000e+06
1.069062000000000000e+06
1.068824000000000000e+06
1.068960000000000000e+06
1.069062000000000000e+06
1.069130000000000000e+06
1.069028000000000000e+06
1.068960000000000000e+06
1.069028000000000000e+06
1.069028000000000000e+06
1.068926000000000000e+06
1.068960000000000000e+06
1.068926000000000000e+06
1.068994000000000000e+06
1.068892000000000000e+06
1.068926000000000000e+06
1.068926000000000000e+06
1.069028000000000000e+06
1.068960000000000000e+06
1.068926000000000000e+06
1.068858000000000000e+06
1.069028000000000000e+06
1.069130000000000000e+06
1.069028000000000000e+06
1.068926000000000000e+06
1.068926000000000000e+06
1.068994000000000000e+06
1.069028000000000000e+06
1.069096000000000000e+06
1.069028000000000000e+06
1.068960000000000000e+06
1.068994000000000000e+06
1.069096000000000000e+06
1.069028000000000000e+06
1.068994000000000000e+06
1.069028000000000000e+06
1.068960000000000000e+06
1.068994000000000000e+06
1.068994000000000000e+06
1.068994000000000000e+06
1.068960000000000000e+06
1.069062000000000000e+06
1.068858000000000000e+06
1.069028000000000000e+06
1.069062000000000000e+06
1.068994000000000000e+06
1.069062000000000000e+06
1.069062000000000000e+06
1.068960000000000000e+06
1.069096000000000000e+06
1.068926000000000000e+06
1.068926000000000000e+06
1.068994000000000000e+06
1.068994000000000000e+06
1.069028000000000000e+06
1.069062000000000000e+06
1.068926000000000000e+06
1.068926000000000000e+06
1.068858000000000000e+06
1.068994000000000000e+06
1.068960000000000000e+06
1.068960000000000000e+06
1.069028000000000000e+06
1.068960000000000000e+06
1.069062000000000000e+06
1.068926000000000000e+06
1.068994000000000000e+06
1.068824000000000000e+06
1.068892000000000000e+06
1.069028000000000000e+06
1.068926000000000000e+06
1.068926000000000000e+06
1.068858000000000000e+06
1.068960000000000000e+06
1.068960000000000000e+06
1.068926000000000000e+06
1.069028000000000000e+06
1.068926000000000000e+06
1.068926000000000000e+06
1.068858000000000000e+06
1.068892000000000000e+06
1.068926000000000000e+06
1.069096000000000000e+06
1.068994000000000000e+06
1.068926000000000000e+06
1.068926000000000000e+06
1.068960000000000000e+06
1.068892000000000000e+06
1.068858000000000000e+06
1.068926000000000000e+06
1.068824000000000000e+06
1.068926000000000000e+06
1.068926000000000000e+06
1.068858000000000000e+06
1.068960000000000000e+06
1.068892000000000000e+06
1.068824000000000000e+06
1.068892000000000000e+06
1.068858000000000000e+06
1.068824000000000000e+06
1.068756000000000000e+06
1.068790000000000000e+06
1.068858000000000000e+06
1.068620000000000000e+06
1.068824000000000000e+06
1.068654000000000000e+06
1.068722000000000000e+06
1.068722000000000000e+06
1.068654000000000000e+06
1.068790000000000000e+06
1.068552000000000000e+06
1.068620000000000000e+06
1.068688000000000000e+06
1.068586000000000000e+06
1.068756000000000000e+06
1.068688000000000000e+06
1.068620000000000000e+06
1.068654000000000000e+06
1.068756000000000000e+06
1.068620000000000000e+06
1.068620000000000000e+06
1.068586000000000000e+06
1.068586000000000000e+06
1.068586000000000000e+06
1.068586000000000000e+06
1.068620000000000000e+06
1.068552000000000000e+06
1.068586000000000000e+06
1.068688000000000000e+06
1.068620000000000000e+06
1.068722000000000000e+06
1.068654000000000000e+06
1.068654000000000000e+06
1.068722000000000000e+06
1.068586000000000000e+06
1.068688000000000000e+06
1.068756000000000000e+06
1.068654000000000000e+06
1.068654000000000000e+06
1.068620000000000000e+06
1.068756000000000000e+06
1.068688000000000000e+06
1.068722000000000000e+06
1.068552000000000000e+06
1.068722000000000000e+06
1.068654000000000000e+06
1.068722000000000000e+06
1.068654000000000000e+06
1.068620000000000000e+06
1.068654000000000000e+06
1.068722000000000000e+06
1.068654000000000000e+06
1.068552000000000000e+06
1.068586000000000000e+06
1.068620000000000000e+06
1.068620000000000000e+06
1.068654000000000000e+06
1.068722000000000000e+06
1.068654000000000000e+06
1.068654000000000000e+06
1.068654000000000000e+06
1.068586000000000000e+06
1.068586000000000000e+06
1.068654000000000000e+06
1.068722000000000000e+06
1.068688000000000000e+06
1.068722000000000000e+06
1.068620000000000000e+06
1.068654000000000000e+06
1.068756000000000000e+06
1.068654000000000000e+06
1.068790000000000000e+06
1.068586000000000000e+06
1.068722000000000000e+06
1.068654000000000000e+06
1.068722000000000000e+06
1.068688000000000000e+06
1.068756000000000000e+06
1.068688000000000000e+06
1.068620000000000000e+06
1.068654000000000000e+06
1.068688000000000000e+06
1.068654000000000000e+06
1.068654000000000000e+06
1.068722000000000000e+06
1.068620000000000000e+06
1.068756000000000000e+06
1.068586000000000000e+06
1.068722000000000000e+06
1.068654000000000000e+06
1.068552000000000000e+06
1.068586000000000000e+06
1.068790000000000000e+06
1.068722000000000000e+06
1.068586000000000000e+06
1.068756000000000000e+06
1.068722000000000000e+06
1.068688000000000000e+06
1.068790000000000000e+06
1.068688000000000000e+06
1.068654000000000000e+06
1.068552000000000000e+06
1.068688000000000000e+06
1.068586000000000000e+06
1.068722000000000000e+06
1.068654000000000000e+06
1.068552000000000000e+06
1.068586000000000000e+06
1.068654000000000000e+06
1.068688000000000000e+06
1.068586000000000000e+06
1.068654000000000000e+06
1.068620000000000000e+06
1.068688000000000000e+06
1.068688000000000000e+06
1.068654000000000000e+06
1.068654000000000000e+06
1.068722000000000000e+06
1.068620000000000000e+06
1.068756000000000000e+06
1.068722000000000000e+06
1.068620000000000000e+06
1.068722000000000000e+06
1.068620000000000000e+06
1.068654000000000000e+06
1.068688000000000000e+06
1.068620000000000000e+06
1.068756000000000000e+06
1.068620000000000000e+06
1.068688000000000000e+06
1.068790000000000000e+06
1.068654000000000000e+06
1.068688000000000000e+06
1.068722000000000000e+06
1.068722000000000000e+06
1.068620000000000000e+06
1.068586000000000000e+06
1.068688000000000000e+06
1.068756000000000000e+06
1.068756000000000000e+06
1.068722000000000000e+06
1.068722000000000000e+06
1.068620000000000000e+06
1.068722000000000000e+06
1.068688000000000000e+06
1.068620000000000000e+06
1.068654000000000000e+06
1.068722000000000000e+06
1.068620000000000000e+06
1.068654000000000000e+06
1.068722000000000000e+06
1.068654000000000000e+06
1.068722000000000000e+06
1.068586000000000000e+06
1.068756000000000000e+06
1.068552000000000000e+06
1.068756000000000000e+06
1.068688000000000000e+06
1.068722000000000000e+06
1.068756000000000000e+06
1.068620000000000000e+06
1.068620000000000000e+06
1.068654000000000000e+06
1.068722000000000000e+06
1.068722000000000000e+06
1.068688000000000000e+06
1.068654000000000000e+06
1.068722000000000000e+06
1.068722000000000000e+06
1.068756000000000000e+06
1.068620000000000000e+06
1.068552000000000000e+06
1.068756000000000000e+06
